200 50 3.14159
200.5 50.005 3.16159
201 50.02 3.18159
201.499 50.045 3.20159
201.998 50.08 3.22159
202.496 50.1249 3.24159
202.993 50.1798 3.26159
203.489 50.2446 3.28159
203.983 50.3193 3.30159
204.476 50.4039 3.32159
204.967 50.4983 3.34159
205.456 50.6026 3.36159
205.943 50.7166 3.38159
206.427 50.8403 3.40159
206.909 50.9736 3.42159
207.388 51.1166 3.44159
207.864 51.2691 3.46159
208.337 51.4311 3.48159
208.807 51.6026 3.50159
209.273 51.7834 3.52159
209.735 51.9735 3.54159
210.194 52.1728 3.56159
210.648 52.3812 3.58159
211.099 52.5987 3.60159
211.544 52.8251 3.62159
211.986 53.0604 3.64159
212.422 53.3045 3.66159
212.853 53.5573 3.68159
213.28 53.8186 3.70159
213.701 54.0884 3.72159
214.116 54.3666 3.74159
214.526 54.653 3.76159
214.93 54.9476 3.78159
215.328 55.2502 3.80159
215.72 55.5607 3.82159
216.105 55.8789 3.84159
216.485 56.2049 3.86159
216.86 56.5355 3.86438
217.235 56.8663 3.86438
217.61 57.197 3.86438
217.985 57.5277 3.86438
218.36 57.8585 3.86438
218.735 58.1892 3.86438
219.11 58.5199 3.86438
219.485 58.8507 3.86438
219.86 59.1814 3.86438
220.235 59.5122 3.86438
220.609 59.8429 3.86438
220.984 60.1736 3.86438
221.359 60.5044 3.86438
221.734 60.8351 3.86438
222.109 61.1658 3.86438
222.484 61.4966 3.86438
222.859 61.8273 3.86438
223.234 62.1581 3.86438
223.609 62.4888 3.86438
223.984 62.8195 3.86438
224.359 63.1503 3.86438
224.734 63.481 3.86438
225.109 63.8117 3.86438
225.484 64.1425 3.86438
225.859 64.4732 3.86438
226.234 64.804 3.86438
226.609 65.1347 3.86438
226.984 65.4654 3.86438
227.359 65.7962 3.86438
227.734 66.1269 3.86438
228.109 66.4576 3.86438
228.484 66.7884 3.86438
228.859 67.1191 3.86438
229.234 67.4499 3.86438
229.609 67.7806 3.86438
229.984 68.1113 3.86438
230.359 68.4421 3.86438
230.734 68.7728 3.86438
231.109 69.1036 3.86438
231.484 69.4343 3.86438
231.859 69.765 3.86438
232.234 70.0958 3.86438
232.609 70.4265 3.86438
232.984 70.7572 3.86438
233.359 71.088 3.86438
233.734 71.4187 3.86438
234.109 71.7495 3.86438
234.484 72.0802 3.86438
234.859 72.4109 3.86438
235.234 72.7417 3.86438
235.609 73.0724 3.86438
235.984 73.4031 3.86438
236.359 73.7339 3.86438
236.734 74.0646 3.86438
237.109 74.3954 3.86438
237.484 74.7261 3.86438
237.859 75.0568 3.86438
238.234 75.3876 3.86438
238.609 75.7183 3.86438
238.984 76.049 3.86438
239.359 76.3798 3.86438
239.734 76.7105 3.86438
240.109 77.0413 3.86438
240.484 77.372 3.86438
240.859 77.7027 3.86438
241.234 78.0335 3.86438
241.609 78.3642 3.86438
241.984 78.6949 3.86438
242.359 79.0257 3.86438
242.734 79.3564 3.86438
243.109 79.6872 3.86438
243.483 80.0179 3.86438
243.858 80.3486 3.86438
244.233 80.6794 3.86438
244.608 81.0101 3.86438
244.983 81.3408 3.86438
245.358 81.6716 3.86438
245.733 82.0023 3.86438
246.108 82.3331 3.86438
246.483 82.6638 3.86438
246.858 82.9945 3.86438
247.233 83.3253 3.86438
247.608 83.656 3.86438
247.983 83.9867 3.86438
248.358 84.3175 3.86438
248.733 84.6482 3.86438
249.108 84.979 3.86438
249.483 85.3097 3.86438
249.858 85.6404 3.86438
250.233 85.9712 3.86438
250.608 86.3019 3.86438
250.983 86.6326 3.86438
251.358 86.9634 3.86438
251.733 87.2941 3.86438
252.108 87.6249 3.86438
252.483 87.9556 3.86438
252.858 88.2863 3.86438
253.233 88.6171 3.86438
253.608 88.9478 3.86438
253.983 89.2785 3.86438
254.358 89.6093 3.86438
254.733 89.94 3.86438
255.108 90.2708 3.86438
255.483 90.6015 3.86438
255.858 90.9322 3.86438
256.233 91.263 3.86438
256.608 91.5937 3.86438
256.983 91.9244 3.86438
257.358 92.2552 3.86438
257.733 92.5859 3.86438
258.108 92.9167 3.86438
258.483 93.2474 3.86438
258.858 93.5781 3.86438
259.233 93.9089 3.86438
259.608 94.2396 3.86438
259.983 94.5703 3.86438
260.358 94.9011 3.86438
260.733 95.2318 3.86438
261.108 95.5626 3.86438
261.483 95.8933 3.86438
261.858 96.224 3.86438
262.233 96.5548 3.86438
262.608 96.8855 3.86438
262.983 97.2162 3.86438
263.358 97.547 3.86438
263.733 97.8777 3.86438
264.108 98.2085 3.86438
264.483 98.5392 3.86438
264.858 98.8699 3.86438
265.233 99.2007 3.86438
265.608 99.5314 3.86438
265.983 99.8622 3.86438
266.357 100.193 3.86438
266.732 100.524 3.86438
267.107 100.854 3.86438
267.482 101.185 3.86438
267.857 101.516 3.86438
268.232 101.847 3.86438
268.607 102.177 3.86438
268.982 102.508 3.86438
269.357 102.839 3.86438
269.732 103.17 3.86438
270.107 103.5 3.86438
270.482 103.831 3.86438
270.857 104.162 3.86438
271.232 104.492 3.86438
271.607 104.823 3.86438
271.982 105.154 3.86438
272.357 105.485 3.86438
272.732 105.815 3.86438
273.107 106.146 3.86438
273.482 106.477 3.86438
273.857 106.808 3.86438
274.232 107.138 3.86438
274.607 107.469 3.86438
274.982 107.8 3.86438
275.357 108.131 3.86438
275.732 108.461 3.86438
276.107 108.792 3.86438
276.482 109.123 3.86438
276.857 109.454 3.86438
277.232 109.784 3.86438
277.607 110.115 3.86438
277.982 110.446 3.86438
278.357 110.776 3.86438
278.732 111.107 3.86438
279.107 111.438 3.86438
279.482 111.769 3.86438
279.857 112.099 3.86438
280.232 112.43 3.86438
280.607 112.761 3.86438
280.982 113.092 3.86438
281.357 113.422 3.86438
281.732 113.753 3.86438
282.107 114.084 3.86438
282.482 114.415 3.86438
282.857 114.745 3.86438
283.232 115.076 3.86438
283.607 115.407 3.86438
283.982 115.738 3.86438
284.357 116.068 3.86438
284.732 116.399 3.86438
285.107 116.73 3.86438
285.482 117.061 3.86438
285.857 117.391 3.86438
286.232 117.722 3.86438
286.607 118.053 3.86438
286.982 118.383 3.86438
287.357 118.714 3.86438
287.732 119.045 3.86438
288.107 119.376 3.86438
288.482 119.706 3.86438
288.856 120.037 3.86438
289.231 120.368 3.86438
289.606 120.699 3.86438
289.981 121.029 3.86438
290.356 121.36 3.86438
290.731 121.691 3.86438
291.106 122.022 3.86438
291.481 122.352 3.86438
291.856 122.683 3.86438
292.231 123.014 3.86438
292.606 123.345 3.86438
292.981 123.675 3.86438
293.356 124.006 3.86438
293.731 124.337 3.86438
294.106 124.667 3.86438
294.481 124.998 3.86438
294.856 125.329 3.86438
295.231 125.66 3.86438
295.606 125.99 3.86438
295.981 126.321 3.86438
296.356 126.652 3.86438
296.731 126.983 3.86438
297.106 127.313 3.86438
297.481 127.644 3.86438
297.856 127.975 3.86438
298.231 128.306 3.86438
298.606 128.636 3.86438
298.981 128.967 3.86438
299.356 129.298 3.86438
299.731 129.629 3.86438
300.106 129.959 3.86438
300.481 130.29 3.86438
300.856 130.621 3.86438
301.231 130.951 3.86438
301.606 131.282 3.86438
301.981 131.613 3.86438
302.356 131.944 3.86438
302.731 132.274 3.86438
303.106 132.605 3.86438
303.481 132.936 3.86438
303.856 133.267 3.86438
304.231 133.597 3.86438
304.606 133.928 3.86438
304.981 134.259 3.86438
305.356 134.59 3.86438
305.731 134.92 3.86438
306.106 135.251 3.86438
306.481 135.582 3.86438
306.856 135.913 3.86438
307.231 136.243 3.86438
307.606 136.574 3.86438
307.981 136.905 3.86438
308.356 137.236 3.86438
308.731 137.566 3.86438
309.106 137.897 3.86438
309.481 138.228 3.86438
309.856 138.558 3.86438
310.231 138.889 3.86438
310.606 139.22 3.86438
310.981 139.551 3.86438
311.356 139.881 3.86438
311.73 140.212 3.86438
312.105 140.543 3.86438
312.48 140.874 3.86438
312.855 141.204 3.86438
313.23 141.535 3.86438
313.605 141.866 3.86438
313.98 142.197 3.86438
314.355 142.527 3.86438
314.73 142.858 3.86438
315.105 143.189 3.86438
315.48 143.52 3.86438
315.855 143.85 3.86438
316.23 144.181 3.86438
316.605 144.512 3.86438
316.98 144.842 3.86438
317.355 145.173 3.86438
317.73 145.504 3.86438
318.105 145.835 3.86438
318.48 146.165 3.86438
318.855 146.496 3.86438
319.23 146.827 3.86438
319.605 147.158 3.86438
319.98 147.488 3.86438
320.355 147.819 3.86438
320.73 148.15 3.86438
321.105 148.481 3.86438
321.48 148.811 3.86438
321.855 149.142 3.86438
322.23 149.473 3.86438
322.605 149.804 3.86438
322.98 150.134 3.86438
323.355 150.465 3.86438
323.73 150.796 3.86438
324.105 151.126 3.86438
324.48 151.457 3.86438
324.855 151.788 3.86438
325.23 152.119 3.86438
325.605 152.449 3.86438
325.98 152.78 3.86438
326.355 153.111 3.86438
326.73 153.442 3.86438
327.105 153.772 3.86438
327.48 154.103 3.86438
327.855 154.434 3.86438
328.23 154.765 3.86438
328.605 155.095 3.86438
328.98 155.426 3.86438
329.355 155.757 3.86438
329.73 156.088 3.86438
330.105 156.418 3.86438
330.48 156.749 3.86438
330.855 157.08 3.86438
331.23 157.41 3.86438
331.605 157.741 3.86438
331.98 158.072 3.86438
332.355 158.403 3.86438
332.73 158.733 3.86438
333.105 159.064 3.86438
333.48 159.395 3.86438
333.855 159.726 3.86438
334.229 160.056 3.86438
334.604 160.387 3.86438
334.979 160.718 3.86438
335.354 161.049 3.86438
335.729 161.379 3.86438
336.104 161.71 3.86438
336.479 162.041 3.86438
336.854 162.372 3.86438
337.229 162.702 3.86438
337.604 163.033 3.86438
337.979 163.364 3.86438
338.354 163.695 3.86438
338.729 164.025 3.86438
339.104 164.356 3.86438
339.479 164.687 3.86438
339.854 165.017 3.86438
340.229 165.348 3.86438
340.604 165.679 3.86438
340.979 166.01 3.86438
341.354 166.34 3.86438
341.729 166.671 3.86438
342.104 167.002 3.86438
342.479 167.333 3.86438
342.854 167.663 3.86438
343.229 167.994 3.86438
343.604 168.325 3.86438
343.979 168.656 3.86438
344.354 168.986 3.86438
344.729 169.317 3.86438
345.104 169.648 3.86438
345.479 169.979 3.86438
345.854 170.309 3.86438
346.229 170.64 3.86438
346.604 170.971 3.86438
346.979 171.301 3.86438
347.354 171.632 3.86438
347.729 171.963 3.86438
348.104 172.294 3.86438
348.479 172.624 3.86438
348.854 172.955 3.86438
349.229 173.286 3.86438
349.604 173.617 3.86438
349.979 173.947 3.86438
350.354 174.278 3.86438
350.729 174.609 3.86438
351.104 174.94 3.86438
351.479 175.27 3.86438
351.854 175.601 3.86438
352.229 175.932 3.86438
352.604 176.263 3.86438
352.979 176.593 3.86438
353.354 176.924 3.86438
353.729 177.255 3.86438
354.104 177.585 3.86438
354.479 177.916 3.86438
354.854 178.247 3.86438
355.229 178.578 3.86438
355.604 178.908 3.86438
355.979 179.239 3.86438
356.354 179.57 3.86438
356.729 179.901 3.86438
357.103 180.231 3.86438
357.478 180.562 3.86438
357.853 180.893 3.86438
358.228 181.224 3.86438
358.603 181.554 3.86438
358.978 181.885 3.86438
359.353 182.216 3.86438
359.728 182.547 3.86438
360.103 182.877 3.86438
360.478 183.208 3.86438
360.853 183.539 3.86438
361.228 183.87 3.86438
361.603 184.2 3.86438
361.978 184.531 3.86438
362.353 184.862 3.86438
362.728 185.192 3.86438
363.103 185.523 3.86438
363.478 185.854 3.86438
363.853 186.185 3.86438
364.228 186.515 3.86438
364.603 186.846 3.86438
364.978 187.177 3.86438
365.353 187.508 3.86438
365.728 187.838 3.86438
366.103 188.169 3.86438
366.478 188.5 3.86438
366.853 188.831 3.86438
367.228 189.161 3.86438
367.603 189.492 3.86438
367.978 189.823 3.86438
368.353 190.154 3.86438
368.728 190.484 3.86438
369.103 190.815 3.86438
369.478 191.146 3.86438
369.853 191.476 3.86438
370.228 191.807 3.86438
370.603 192.138 3.86438
370.978 192.469 3.86438
371.353 192.799 3.86438
371.728 193.13 3.86438
372.103 193.461 3.86438
372.478 193.792 3.86438
372.853 194.122 3.86438
373.228 194.453 3.86438
373.603 194.784 3.86438
373.978 195.115 3.86438
374.353 195.445 3.86438
374.728 195.776 3.86438
375.103 196.107 3.86438
375.478 196.438 3.86438
375.853 196.768 3.86438
376.228 197.099 3.86438
376.603 197.43 3.86438
376.978 197.76 3.86438
377.353 198.091 3.86438
377.728 198.422 3.86438
378.103 198.753 3.86438
378.478 199.083 3.86438
378.853 199.414 3.86438
379.228 199.745 3.86438
379.602 200.076 3.86438
379.977 200.406 3.86438
380.352 200.737 3.86438
380.727 201.068 3.86438
381.102 201.399 3.86438
381.477 201.729 3.86438
381.852 202.06 3.86438
382.227 202.391 3.86438
382.602 202.722 3.86438
382.977 203.052 3.86438
383.352 203.383 3.86438
383.727 203.714 3.86438
384.102 204.045 3.86438
384.477 204.375 3.86438
384.852 204.706 3.86438
385.227 205.037 3.86438
385.602 205.367 3.86438
385.977 205.698 3.86438
386.352 206.029 3.86438
386.727 206.36 3.86438
387.102 206.69 3.86438
387.477 207.021 3.86438
387.852 207.352 3.86438
388.227 207.683 3.86438
388.602 208.013 3.86438
388.977 208.344 3.86438
389.352 208.675 3.86438
389.727 209.006 3.86438
390.102 209.336 3.86438
390.477 209.667 3.86438
390.852 209.998 3.86438
391.227 210.329 3.86438
391.602 210.659 3.86438
391.977 210.99 3.86438
392.352 211.321 3.86438
392.727 211.651 3.86438
393.102 211.982 3.86438
393.477 212.313 3.86438
393.852 212.644 3.86438
394.227 212.974 3.86438
394.602 213.305 3.86438
394.977 213.636 3.86438
395.352 213.967 3.86438
395.727 214.297 3.86438
396.102 214.628 3.86438
396.477 214.959 3.86438
396.852 215.29 3.86438
397.227 215.62 3.86438
397.602 215.951 3.86438
397.977 216.282 3.86438
398.352 216.613 3.86438
398.727 216.943 3.86438
399.102 217.274 3.86438
399.477 217.605 3.86438
399.852 217.935 3.86438
400.227 218.266 3.86438
400.602 218.597 3.86438
400.977 218.928 3.86438
401.352 219.258 3.86438
401.727 219.589 3.86438
402.102 219.92 3.86438
402.476 220.251 3.86438
402.851 220.581 3.86438
403.226 220.912 3.86438
403.601 221.243 3.86438
403.976 221.574 3.86438
404.351 221.904 3.86438
404.726 222.235 3.86438
405.101 222.566 3.86438
405.476 222.897 3.86438
405.851 223.227 3.86438
406.226 223.558 3.86438
406.601 223.889 3.86438
406.976 224.22 3.86438
407.351 224.55 3.86438
407.726 224.881 3.86438
408.101 225.212 3.86438
408.476 225.542 3.86438
408.851 225.873 3.86438
409.226 226.204 3.86438
409.601 226.535 3.86438
409.976 226.865 3.86438
410.351 227.196 3.86438
410.726 227.527 3.86438
411.101 227.858 3.86438
411.476 228.188 3.86438
411.851 228.519 3.86438
412.226 228.85 3.86438
412.601 229.181 3.86438
412.976 229.511 3.86438
413.351 229.842 3.86438
413.726 230.173 3.86438
414.101 230.504 3.86438
414.476 230.834 3.86438
414.851 231.165 3.86438
415.226 231.496 3.86438
415.601 231.826 3.86438
415.976 232.157 3.86438
416.351 232.488 3.86438
416.726 232.819 3.86438
417.101 233.149 3.86438
417.476 233.48 3.86438
417.851 233.811 3.86438
418.226 234.142 3.86438
418.601 234.472 3.86438
418.976 234.803 3.86438
419.351 235.134 3.86438
419.726 235.465 3.86438
420.101 235.795 3.85713
420.482 236.119 3.83713
420.869 236.436 3.81713
421.262 236.744 3.79713
421.661 237.045 3.77713
422.067 237.338 3.75713
422.478 237.622 3.73713
422.895 237.899 3.71713
423.317 238.167 3.69713
423.744 238.426 3.67713
424.177 238.677 3.65713
424.614 238.919 3.63713
425.056 239.152 3.61713
425.503 239.377 3.59713
425.954 239.592 3.57713
426.41 239.799 3.55713
426.869 239.996 3.53713
427.332 240.184 3.51713
427.799 240.363 3.49713
428.27 240.532 3.47713
428.744 240.692 3.45713
429.22 240.842 3.43713
429.7 240.983 3.41713
430.183 241.114 3.39713
430.668 241.236 3.37713
431.155 241.348 3.35713
431.644 241.45 3.33713
432.136 241.542 3.31713
432.629 241.624 3.29713
433.124 241.697 3.27713
433.62 241.76 3.25713
434.117 241.812 3.23713
434.615 241.855 3.21713
435.114 241.888 3.19713
435.614 241.91 3.17713
436.113 241.923 3.15713
436.613 241.926 3.13713
437.113 241.919 3.11713
437.613 241.902 3.09713
438.112 241.874 3.07713
438.611 241.837 3.05713
439.109 241.79 3.03713
439.605 241.733 3.01713
440.101 241.666 2.99713
440.595 241.589 2.97713
441.087 241.502 2.95713
441.578 241.405 2.93713
442.066 241.299 2.91713
442.553 241.183 2.89713
443.037 241.057 2.87713
443.518 240.922 2.85713
443.996 240.776 2.83713
444.472 240.622 2.81713
444.944 240.458 2.79713
445.413 240.284 2.77713
445.878 240.101 2.75713
446.34 239.909 2.73713
446.798 239.708 2.71713
447.251 239.497 2.69713
447.7 239.278 2.67713
448.145 239.049 2.65713
448.585 238.812 2.63713
449.02 238.566 2.61713
449.451 238.311 2.59713
449.876 238.048 2.57713
450.296 237.776 2.55713
450.71 237.496 2.53713
451.118 237.208 2.51713
451.521 236.912 2.49713
451.918 236.607 2.47713
452.308 236.295 2.45713
452.692 235.975 2.43713
453.07 235.648 2.41713
453.441 235.312 2.39713
453.805 234.97 2.37713
454.163 234.62 2.35713
454.513 234.264 2.33713
454.856 233.9 2.31713
455.192 233.529 2.29713
454.981 233.774 2.27713
454.661 234.157 2.25713
454.348 234.547 2.23713
454.043 234.943 2.21713
453.745 235.346 2.19713
453.456 235.754 2.17713
453.176 236.167 2.15713
452.903 236.587 2.13713
452.639 237.011 2.11713
452.384 237.441 2.09713
452.137 237.876 2.07713
451.899 238.315 2.05713
451.669 238.76 2.03713
451.449 239.209 2.01713
451.238 239.662 1.99713
451.036 240.119 1.97713
450.843 240.58 1.95713
450.659 241.045 1.93713
450.484 241.514 1.91713
450.319 241.986 1.89713
450.164 242.461 1.87713
450.018 242.939 1.85713
449.881 243.42 1.83713
449.755 243.904 1.81713
449.638 244.39 1.79713
449.53 244.878 1.77713
449.433 245.369 1.75713
449.345 245.861 1.73713
449.267 246.355 1.71713
449.199 246.85 1.69713
449.141 247.347 1.67713
449.093 247.844 1.65713
449.055 248.343 1.63713
449.027 248.842 1.61713
449.009 249.342 1.59713
449.001 249.842 1.57713
450 250 1.5708
